%YAML:1.0

#--------------------------------------------------------------------------------------------
# Camera Parameters. Adjust them!
#--------------------------------------------------------------------------------------------

# Camera calibration and distortion parameters (OpenCV)
Camera.fx: 440.0
Camera.fy: 440.0
Camera.cx: 387.6961173407218
Camera.cy: 245.92814656472353

Camera.k1: 0.0
Camera.k2: 0.0
Camera.p1: 0.0
Camera.p2: 0.0

Camera.width: 752
Camera.height: 480

# Camera frames per second
Camera.fps: 20.0

# stereo baseline times fx
Camera.bf: 60.274236

# Color order of the images (0: BGR, 1: RGB. It is ignored if images are grayscale)
Camera.RGB: 1

# Close/Far threshold. Baseline times.
ThDepth: 35

#--------------------------------------------------------------------------------------------
# Stereo Rectification. Only if you need to pre-rectify the images.
# Camera.fx, .fy, etc must be the same as in LEFT.P
#--------------------------------------------------------------------------------------------
LEFT.height: 480
LEFT.width: 752
LEFT.D: !!opencv-matrix
  rows: 1
  cols: 5
  dt: d
  data: [-0.3724577724933624, 0.12435651570558548, -0.001146421069279313, -0.0001646174641791731,
    0.0]
LEFT.K: !!opencv-matrix
  rows: 3
  cols: 3
  dt: d
  data: [551.742919921875, 0.0, 375.1888732910156, 0.0, 551.7838745117188, 249.7598419189453,
    0.0, 0.0, 1.0]
LEFT.R:  !!opencv-matrix
  rows: 3
  cols: 3
  dt: d
  data: [0.9998887600874058, 0.009375491745704376, -0.011600327814177282, -0.009373994539820112,
    0.9999560463234204, 0.00018343282359374016, 0.011601537710043816, -7.46710089522555e-05,
    0.999932697108662]
LEFT.P:  !!opencv-matrix
  rows: 3
  cols: 4
  dt: d
  data: [440.0, 0.0, 387.6961173407218, -0.0, 0.0, 440.0, 245.92814656472353, 0.0,
    0.0, 0.0, 1.0, 0.0]

RIGHT.height: 480
RIGHT.width: 752
RIGHT.D: !!opencv-matrix
  rows: 1
  cols: 5
  dt: d
  data: [-0.36986157298088074, 0.12090633809566498, 0.00018692336743697524, 0.0003359683323651552,
    0.0]
RIGHT.K: !!opencv-matrix
  rows: 3
  cols: 3
  dt: d
  data: [545.1377563476562, 0.0, 380.59771728515625, 0.0, 545.0284423828125, 241.19805908203125,
    0.0, 0.0, 1.0]
RIGHT.R:  !!opencv-matrix
  rows: 3
  cols: 3
  dt: d
  data: [0.9999540295699325, 0.0013615760088003387, -0.00949130431641432, -0.001362800916613951,
    0.9999990638723046, -0.00012258946079488496, 0.009491128516472736, 0.00013551858352692188,
    0.9999549490423044]
RIGHT.P:  !!opencv-matrix
  rows: 3
  cols: 4
  dt: d
  data: [440.0, 0.0, 387.6961173407218, 13.698693662881851, 0.0, 440.0, 245.92814656472353,
    0.0, 0.0, 0.0, 1.0, 0.0]

#--------------------------------------------------------------------------------------------
# ORB Parameters
#--------------------------------------------------------------------------------------------

# ORB Extractor: Number of features per image
ORBextractor.nFeatures: 1200

# ORB Extractor: Scale factor between levels in the scale pyramid
ORBextractor.scaleFactor: 1.2

# ORB Extractor: Number of levels in the scale pyramid
ORBextractor.nLevels: 8

# ORB Extractor: Fast threshold
# Image is divided in a grid. At each cell FAST are extracted imposing a minimum response.
# Firstly we impose iniThFAST. If no corners are detected we impose a lower value minThFAST
# You can lower these values if your images have low contrast
ORBextractor.iniThFAST: 20
ORBextractor.minThFAST: 7

#--------------------------------------------------------------------------------------------
# Viewer Parameters
#--------------------------------------------------------------------------------------------
Viewer.KeyFrameSize: 0.05
Viewer.KeyFrameLineWidth: 1
Viewer.GraphLineWidth: 0.9
Viewer.PointSize: 2
Viewer.CameraSize: 0.08
Viewer.CameraLineWidth: 3
Viewer.ViewpointX: 0
Viewer.ViewpointY: -0.7
Viewer.ViewpointZ: -1.8
Viewer.ViewpointF: 500
