%YAML:1.0

#--------------------------------------------------------------------------------------------
# Camera Parameters. Adjust them!
#--------------------------------------------------------------------------------------------

# Camera calibration and distortion parameters (OpenCV)
Camera.fx: 430.0
Camera.fy: 430.0
Camera.cx: 374.1026958198104
Camera.cy: 219.66599102280654

Camera.k1: 0.0
Camera.k2: 0.0
Camera.p1: 0.0
Camera.p2: 0.0

Camera.width: 752
Camera.height: 480

# Camera frames per second
Camera.fps: 20.0

# stereo baseline times fx
Camera.bf: 47.90639384423901

# Color order of the images (0: BGR, 1: RGB. It is ignored if images are grayscale)
Camera.RGB: 1

# Close/Far threshold. Baseline times.
ThDepth: 35

#--------------------------------------------------------------------------------------------
# Stereo Rectification. Only if you need to pre-rectify the images.
# Camera.fx, .fy, etc must be the same as in LEFT.P
#--------------------------------------------------------------------------------------------
LEFT.height: 480
LEFT.width: 752
LEFT.D: !!opencv-matrix
  rows: 1
  cols: 5
  dt: d
  data:[-0.37524139881134033, 0.13000887632369995, 0.0001618984097149223, -0.0021654332522302866, 0.0]
LEFT.K: !!opencv-matrix
  rows: 3
  cols: 3
  dt: d
  data: [538.995849609375, 0.0, 388.6619567871094, 0.0, 538.3995361328125, 220.47279357910156, 0.0, 0.0, 1.0]
LEFT.R:  !!opencv-matrix
  rows: 3
  cols: 3
  dt: d
  data: [0.9998035733334877, 0.015840684715103654, 0.011911652166932844, -0.015861728724122167,
         0.9998727930909634, 0.0016742754724743338, -0.011883615252593472, -0.0018628859954524428,
         0.9999276520550355]
LEFT.P:  !!opencv-matrix
  rows: 3
  cols: 4
  dt: d
  data: [430.0, 0.0, 374.1026958198104, -0.0, 0.0, 430.0, 219.66599102280654, 0.0,
         0.0, 0.0, 1.0, 0.0]

RIGHT.height: 480
RIGHT.width: 752
RIGHT.D: !!opencv-matrix
  rows: 1
  cols: 5
  dt: d
  data: [-0.3717314898967743, 0.12669222056865692, -7.798420847393572e-05, -0.002031461102887988,
         0.0]
RIGHT.K: !!opencv-matrix
  rows: 3
  cols: 3
  dt: d
  data: [545.2752685546875, 0.0, 383.0207824707031, 0.0, 544.6051635742188, 223.97410583496094,
         0.0, 0.0, 1.0]
RIGHT.R:  !!opencv-matrix
  rows: 3
  cols: 3
  dt: d
  data: [0.9998292980740898, 0.014471698150773845, 0.011486716907186029, -0.014451358462787561,
         0.999893858998248, -0.0018517494895182883, -0.011512295655209814, 0.0016854347287278163,
         0.9999323108883532]
RIGHT.P:  !!opencv-matrix
  rows: 3
  cols: 4
  dt: d
  data: [430.0, 0.0, 374.1026958198104, 13.714456148445606, 0.0, 430.0, 219.66599102280654,
         0.0, 0.0, 0.0, 1.0, 0.0]

#--------------------------------------------------------------------------------------------
# ORB Parameters
#--------------------------------------------------------------------------------------------

# ORB Extractor: Number of features per image
ORBextractor.nFeatures: 1200

# ORB Extractor: Scale factor between levels in the scale pyramid
ORBextractor.scaleFactor: 1.2

# ORB Extractor: Number of levels in the scale pyramid
ORBextractor.nLevels: 8

# ORB Extractor: Fast threshold
# Image is divided in a grid. At each cell FAST are extracted imposing a minimum response.
# Firstly we impose iniThFAST. If no corners are detected we impose a lower value minThFAST
# You can lower these values if your images have low contrast
ORBextractor.iniThFAST: 20
ORBextractor.minThFAST: 7

#--------------------------------------------------------------------------------------------
# Viewer Parameters
#--------------------------------------------------------------------------------------------
Viewer.KeyFrameSize: 0.05
Viewer.KeyFrameLineWidth: 1
Viewer.GraphLineWidth: 0.9
Viewer.PointSize: 2
Viewer.CameraSize: 0.08
Viewer.CameraLineWidth: 3
Viewer.ViewpointX: 0
Viewer.ViewpointY: -0.7
Viewer.ViewpointZ: -1.8
Viewer.ViewpointF: 500
