%YAML:1.0

#--------------------------------------------------------------------------------------------
# Camera Parameters. Adjust them!
#--------------------------------------------------------------------------------------------

# Camera calibration and distortion parameters (OpenCV)
Camera.fx: 444.0
Camera.fy: 444.0
Camera.cx: 467.71189166498255
Camera.cy: 261.0797390966917

Camera.k1: 0.0
Camera.k2: 0.0
Camera.p1: 0.0
Camera.p2: 0.0

Camera.width: 752
Camera.height: 480

# Camera frames per second
Camera.fps: 20.0

# stereo baseline times fx
Camera.bf: 62.1722988

# Color order of the images (0: BGR, 1: RGB. It is ignored if images are grayscale)
Camera.RGB: 1

# Close/Far threshold. Baseline times.
ThDepth: 35

#--------------------------------------------------------------------------------------------
# Stereo Rectification. Only if you need to pre-rectify the images.
# Camera.fx, .fy, etc must be the same as in LEFT.P
#--------------------------------------------------------------------------------------------
LEFT.height: 480
LEFT.width: 752
LEFT.D: !!opencv-matrix
  rows: 1
  cols: 5
  dt: d
  data: [-0.36889880895614624, 0.11848314106464386, 0.001009798957966268, 0.0014758282341063023,
    0.0]
LEFT.K: !!opencv-matrix
  rows: 3
  cols: 3
  dt: d
  data: [546.8134765625, 0.0, 394.4754638671875, 0.0, 547.7750244140625, 257.78857421875,
    0.0, 0.0, 1.0]
LEFT.R:  !!opencv-matrix
  rows: 3
  cols: 3
  dt: d
  data: [0.9964122390190618, -0.034824556624128034, -0.07713559612107042, 0.035309723016916476,
    0.9993642351031705, 0.004934476377838061, 0.07691471506473019, -0.007640409189808027,
    0.9970084005433072]
LEFT.P:  !!opencv-matrix
  rows: 3
  cols: 4
  dt: d
  data: [444.0, 0.0, 467.71189166498255, -0.0, 0.0, 444.0, 261.0797390966917, 0.0,
    0.0, 0.0, 1.0, 0.0]

RIGHT.height: 480
RIGHT.width: 752
RIGHT.D: !!opencv-matrix
  rows: 1
  cols: 5
  dt: d
  data: [-0.3673570156097412, 0.11704821139574051, 3.166591704939492e-05, 0.0015855609672144055,
    0.0]
RIGHT.K: !!opencv-matrix
  rows: 3
  cols: 3
  dt: d
  data: [554.2493896484375, 0.0, 389.33233642578125, 0.0, 555.3043212890625, 251.37139892578125,
    0.0, 0.0, 1.0]
RIGHT.R:  !!opencv-matrix
  rows: 3
  cols: 3
  dt: d
  data: [0.9963605703014946, -0.031819835562007424, -0.07907662115497309, 0.03132111464864004,
    0.999480937408934, -0.007539465055637727, 0.07927547997739955, 0.0050352577853814105,
    0.9968400295199765]
RIGHT.P:  !!opencv-matrix
  rows: 3
  cols: 4
  dt: d
  data: [444.0, 0.0, 467.71189166498255, 14.002772077918053, 0.0, 444.0, 261.0797390966917,
    0.0, 0.0, 0.0, 1.0, 0.0]

#--------------------------------------------------------------------------------------------
# ORB Parameters
#--------------------------------------------------------------------------------------------

# ORB Extractor: Number of features per image
ORBextractor.nFeatures: 1200

# ORB Extractor: Scale factor between levels in the scale pyramid
ORBextractor.scaleFactor: 1.2

# ORB Extractor: Number of levels in the scale pyramid
ORBextractor.nLevels: 8

# ORB Extractor: Fast threshold
# Image is divided in a grid. At each cell FAST are extracted imposing a minimum response.
# Firstly we impose iniThFAST. If no corners are detected we impose a lower value minThFAST
# You can lower these values if your images have low contrast
ORBextractor.iniThFAST: 20
ORBextractor.minThFAST: 7

#--------------------------------------------------------------------------------------------
# Viewer Parameters
#--------------------------------------------------------------------------------------------
Viewer.KeyFrameSize: 0.05
Viewer.KeyFrameLineWidth: 1
Viewer.GraphLineWidth: 0.9
Viewer.PointSize: 2
Viewer.CameraSize: 0.08
Viewer.CameraLineWidth: 3
Viewer.ViewpointX: 0
Viewer.ViewpointY: -0.7
Viewer.ViewpointZ: -1.8
Viewer.ViewpointF: 500
