%YAML:1.0

#--------------------------------------------------------------------------------------------
# Camera Parameters. Adjust them!
#--------------------------------------------------------------------------------------------

# Camera calibration and distortion parameters (OpenCV)
Camera.fx: 442.0
Camera.fy: 442.0
Camera.cx: 370.9932259052358
Camera.cy: 233.2068473852433

Camera.k1: 0.0
Camera.k2: 0.0
Camera.p1: 0.0
Camera.p2: 0.0

Camera.width: 752
Camera.height: 480

# Camera frames per second
Camera.fps: 20.0

# stereo baseline times fx
Camera.bf: 47.90639384423901

# Color order of the images (0: BGR, 1: RGB. It is ignored if images are grayscale)
Camera.RGB: 1

# Close/Far threshold. Baseline times.
ThDepth: 35

#--------------------------------------------------------------------------------------------
# Stereo Rectification. Only if you need to pre-rectify the images.
# Camera.fx, .fy, etc must be the same as in LEFT.P
#--------------------------------------------------------------------------------------------
LEFT.height: 480
LEFT.width: 752
LEFT.D: !!opencv-matrix
  rows: 1
  cols: 5
  dt: d
  data:  [-0.36876407265663147, 0.1204928532242775, 0.000141601383802481, 0.0007028268883004785,
    0.0]
LEFT.K: !!opencv-matrix
  rows: 3
  cols: 3
  dt: d
  data: [550.3258666992188, 0.0, 372.1724548339844, 0.0, 550.8456420898438, 245.63052368164062,
    0.0, 0.0, 1.0]
LEFT.R:  !!opencv-matrix
  rows: 3
  cols: 3
  dt: d
  data: [0.99974367147667, -6.432071683876313e-05, 0.02264038880394268, 1.3331066657345499e-06,
    0.9999961299664989, 0.0027820945792235477, -0.022640480131197183, -0.0027813512669750615,
    0.9997398025209152]
LEFT.P:  !!opencv-matrix
  rows: 3
  cols: 4
  dt: d
  data: [442.0, 0.0, 370.9932259052358, -0.0, 0.0, 442.0, 233.2068473852433, 0.0,
    0.0, 0.0, 1.0, 0.0]

RIGHT.height: 480
RIGHT.width: 752
RIGHT.D: !!opencv-matrix
  rows: 1
  cols: 5
  dt: d
  data: [-0.3620046377182007, 0.11214601248502731, 0.0006018791464157403, 0.0007242515566758811,
    0.0]
RIGHT.K: !!opencv-matrix
  rows: 3
  cols: 3
  dt: d
  data: [543.7725830078125, 0.0, 394.5758361816406, 0.0, 544.3955688476562, 222.7169189453125,
    0.0, 0.0, 1.0]
RIGHT.R:  !!opencv-matrix
  rows: 3
  cols: 3
  dt: d
  data: [0.999697880695928, 0.016369124153993383, 0.018335733050556142, -0.01631804875335279,
    0.9998625536597785, -0.0029317356343459204, -0.01838120281573836, 0.0026316465145689123,
    0.9998275880468938]
RIGHT.P:  !!opencv-matrix
  rows: 3
  cols: 4
  dt: d
  data: [442.0, 0.0, 370.9932259052358, 13.860808961093426, 0.0, 442.0, 233.2068473852433,
    0.0, 0.0, 0.0, 1.0, 0.0]

#--------------------------------------------------------------------------------------------
# ORB Parameters
#--------------------------------------------------------------------------------------------

# ORB Extractor: Number of features per image
ORBextractor.nFeatures: 1200

# ORB Extractor: Scale factor between levels in the scale pyramid
ORBextractor.scaleFactor: 1.2

# ORB Extractor: Number of levels in the scale pyramid
ORBextractor.nLevels: 8

# ORB Extractor: Fast threshold
# Image is divided in a grid. At each cell FAST are extracted imposing a minimum response.
# Firstly we impose iniThFAST. If no corners are detected we impose a lower value minThFAST
# You can lower these values if your images have low contrast
ORBextractor.iniThFAST: 20
ORBextractor.minThFAST: 7

#--------------------------------------------------------------------------------------------
# Viewer Parameters
#--------------------------------------------------------------------------------------------
Viewer.KeyFrameSize: 0.05
Viewer.KeyFrameLineWidth: 1
Viewer.GraphLineWidth: 0.9
Viewer.PointSize: 2
Viewer.CameraSize: 0.08
Viewer.CameraLineWidth: 3
Viewer.ViewpointX: 0
Viewer.ViewpointY: -0.7
Viewer.ViewpointZ: -1.8
Viewer.ViewpointF: 500
